       31380.000
       26202.969
       21880.037
       18270.297
       15256.086
       12739.156
       10637.467
       8882.5117
       7417.0859
       6193.4248
       5171.6416
       4318.4307
       3605.9814
       3011.0715
       2514.3088
       2099.5012
       1753.1283
       1463.8995
       1222.3872
       1020.7194
       852.32239
       711.70734
       594.29077
       496.24545
       414.37555
       346.01236
       288.92770
       241.26079
       201.45790
       168.22163
       140.46863
       117.29430
       97.943237
       81.784691
       68.291954
       57.025238
       47.617290
       39.761448
       33.201656
       27.724089
       23.150206
       19.330915
       16.141726
       13.478684
       11.254988
       9.3981543
       7.8476591
       6.5529623
       5.4718633
       4.5691223
       3.8153145
       3.1858685
       2.6602683
       2.2213807
       1.8549000
       1.5488811
       1.2933487
       1.0799737
      0.90180099
      0.75302303
      0.62879026
      0.52505326
      0.43843067
      0.36609891
